-6.863979324001406
23.772037140545763
-8.945596228773951
12.06463123391164
-4.885334746463087
-11.200995071857534
-11.215162155462565
-14.30043685223184
-6.4045026685081865
-10.008141502016187
-11.523881826825487
15.349871547091197
-8.504799337058003
-1.5484411523024306
-11.78835292835312
-9.283790001811582
-9.54463109654057
-7.386278252637652
8.914730244362929
-14.808653357307435
-7.319141193022816
16.47032329175262
8.066747994796671
12.874750208442123
-5.835071411530663
-5.710864578744378
-11.689583450926108
-6.340472198426085
15.207790346213898
-13.324667820444446
22.70265951826768
-7.633579562046222
6.136996881793564
-6.1157573313309825
-12.847858414183733
-5.869764610294666
-10.389073009139693
6.709728020022652
-10.407933224186323
-9.800026183822268
-9.283821687739533
-14.621120392803775
9.887793082118066
-8.05471617464903
-7.594911030973009
-2.426489913779065
-11.206088144717413
-7.496022749428548
12.094561433352197
-11.402648887682261
-11.833869754107852
-13.912775447517276
-10.587517843518384
-8.337701605529347
-7.6670634139807845
-10.784592495965967
2.5333144980606193
-14.893718146482456
8.470834833715813
16.504186338037044
-12.369222376423465
-2.8065616181425384
15.945291054376668
-13.917137181897502
15.004789635333793
-7.334608361543985
-9.912987793898182
-7.253477440730961
-9.888210289722167
-8.350973653200938
-1.5914079019914595
-6.155349661971897
-4.7203277085755815
23.790480442045194
-10.080884389338934
6.709616697608681
-10.345068238268851
-7.815531817794238
-8.498812350032168
-4.25903582234379
-10.140941397784829
-7.188716863309907
13.116230032720665
-9.549369193737448
-9.283790001811582
-7.26342547008548
-8.829991543456956
-3.6747857360037983
-4.763833972190099
-10.654143778386583
18.434642860582585
-8.631047370017313
-8.350973653200938
-10.008169952618204
-4.304579479136308
-13.069525208774863
-6.620908862024137
-6.441874784207869
-4.808249841780153
-3.399839051778116
12.17128961107099
12.407250260224487
14.489592102763453
-11.222573179855516
-9.75263692639669
-8.366022003499069
-13.392725705416979
-14.162284576021506
14.300019644627767
-4.0446172401454845
6.339909900445733
1.8674664982035125
-10.527906097871536
-11.20625285056235
20.942491881950247
-9.713467011611371
8.212494524592671
-11.888902983291445
20.772089084256393
-4.9168151943011225
-11.604956742685005
-10.353491122544995
-9.196878606970088
-8.409145991921875
-10.81414500390828
23.44778194076906
3.433331981219439
-7.74058214059211
3.8876843060011197
-5.654702013291683
8.207101382937353
11.809645586667997
2.045237426575852
-8.949693745252588
-10.451888947943559
-14.500461247008133
-16.59836384692389
13.64268507646372
16.821261725470762
-1.6061232615952008
-9.72774591178083
-11.546811578695554
-11.976418744930953
4.398457748708367
-11.416070118138819
8.530630717598441
3.9906684255972635
10.784175288361908
-9.912987793898182
11.523464619221386
14.32254114431288
4.666601531941851
-4.594426828624989
4.00389579559031
-6.519989830576961
-12.680498130188568
14.157415846805009
-1.408772279613757
-7.6670634139807845
-6.645413328090811
-11.421432530712309
-13.183172705985768
-15.66226540606651
-8.55581078579651
13.912201136768104
6.6204916544200785
11.745397685076597
5.389043771428788
-4.236675909329449
-4.398874057620816
18.25162127776923
-7.524080759745516
-11.496805934387353
15.580778075331878
-8.504799337058003
-9.648185661957186
7.070114236804301
-13.240670524685001
-8.880890648340312
-7.815531817794238
-9.462452813457347
-6.062058408499283
-9.11164305080628
2.72613926844069
-11.888873526172361
-13.627119066408056
-10.353483331566522
-7.481086034758846
11.309711868522427
-14.840095478580253
-9.9820663806574
-8.130263958064859
14.966467037751443
-13.134308272969065
-10.508128362360878
-8.130263958064859
-16.144511444888792
-9.846010328796766
-9.462452813457347
-6.0960969832046175
-10.10518025160357
1.974732174395271
-11.915252256148094
-6.680044455920509
-6.645438277752021
-8.746421068385061
-11.210868869204887
-16.081963947036968
14.53420129511862
-12.137108222686976
-5.560108976302743
-2.726556476044749
-10.091224994909467
-9.55440787190102
-13.516830925639937
-10.98886044572508
-7.454560108216029
1.070549553684728
-11.888873526172361
18.987459935949957
-10.06923379569524
-7.76532728278606
-11.427342802007743
-13.324667820444446
-5.339368036880984
11.210404504209336
5.194186700815578
-7.696166534566132
-12.907607906392869
-6.399121271293097
-3.433749188823498
-12.162421953557896
18.25162127776923
16.48423663314375
-9.18077623707066
-16.144511444888792
9.293189955997434
-13.761043954944697
-10.069302185509414
-8.498812350032168
-4.853241553167479
-9.377338270957708
-5.2473450849597185
7.59449382336895
-8.880890648340312
-11.08276162086105
-11.43394185800058
-6.0960587475820205
-10.80845749458311
8.35055644559688
1.6844971850648705
-2.064048228750849
2.313567634755387
3.9791867108894365
-4.6481324287743035
-12.858202141126469
-8.409145991921875
-8.0593862311527
-12.470713312362903
-11.103958766845892
-2.986817316448949
-7.815463518696788
-8.664342852906344
-1.181423183733287
2.8622445006784716
-9.050930501925393
-9.11164305080628
-5.609479720421078
-8.447792047862933
-5.042715445409101
9.72732870417677
-7.907290551416025
-7.594911030973009
-8.198301164682377
13.535570566305495
14.435684497258904
-4.085825330054774
-3.8786820028129227
18.799619728175003
-12.022457533077912
-7.009565987270406
-4.39887495631244
-13.270858546739404
-3.743152955182566
-8.531047925202515
-10.9392396550477
-4.351295364584942
-8.945596228773951
1.7011312502018683
13.642775678413443
-10.98886044572508
-10.16224613693555
-16.081963947036968
-9.272747356345548
-11.310067034833367
15.254969839005284
4.398457748708367
-3.7432245493556167
23.278777446255532
-4.813822051497809
9.79960897621821
-10.885743697658043
13.338980689551263
-5.545544154608606
-9.196878606970088
10.068884977905284
-4.159769298266681
3.6409373444420225
-11.976418744930953
-5.659657318051501
-10.527906097871536
-8.631047370017313
-12.917960918703855
-7.496022749428548
-8.829991543456956
-13.570697715709684
-11.668947436945828
-10.353571173188072
3.900227471008975
-11.633884201084058
-11.689583450926108
6.604565594167113
-2.121406273442389
-11.2190146923419
-4.0043518877375845
-10.124792911981416
15.004789635333793
3.2890144613853067
-8.130263958064859
-8.531047925202515
-8.4819125817625
-6.194051111841532
-8.55581078579651
15.460992344811672
3.9643891083709377
5.905965299539844
-7.188716863309907
-6.740263152743154
5.659225944969435
-8.707588924426545
-3.842616303807162
-11.859909738450327
11.975826041393503
-10.676615060066112
-5.290308370250543
-9.800026183822268
-9.762064800251338
-4.484872952247898
-10.654143778386583
-13.079372878602271
-8.409145991921875
17.102500279052506
5.710442821513865
12.288013647754582
-2.202768059504578
11.72495397772633
-4.864673939336811
-11.029693948059602
-9.11164305080628
13.07887899612804
13.642775678413443
16.144094237284733
-10.923023841552336
-2.986817316448949
-5.042647076234175
-6.470064462015415
-8.79069484445175
-2.0276157606152765
-6.911441062997369
-8.00488620592904
-8.28590614013865
-7.524078348262634
-8.409145991921875
-12.2158899001831
16.389345433572217
-1.4946412976236587
-8.707588924426545
-9.462452813457347
-4.7203277085755815
-7.980383472649493
20.62327976954576
-6.582223720467212
-5.762795723068862
-9.366702991131746
11.406397029719372
-9.619989058834093
15.87103149745623
16.17197417234985
-3.4834455720842357
5.46895728235026
-9.462452813457347
-9.637687516228112
21.286178113851648
-5.042647076234175
-10.758265066199826
-10.39755999702139
11.633469524733485
-6.6001052195339724
-9.050930501925393
-6.340472198426085
-4.946150245415524
12.528684197093355
13.535704891192054
-5.301049017980986
2.045237426575852
-10.885743697658043
-13.707080735154591
-13.069525208774863
-14.43234254594337
-11.310129076126529
-7.792386888614956
16.750078834012285
2.555887023507836
-8.130348304602961
12.994394632963136
-12.28843085535864
-9.782535816884334
-5.194682482973391
-8.310498671412077
18.970160360514313
11.809645586667997
12.307843180898175
-13.183172705985768
11.426925594403656
-6.0960969832046175
-15.068662430276504
-9.21115576078013
9.180359029466587
-8.130263958064859
-8.880890648340312
-4.7203277085755815
-8.481857230606082
-7.125249791557863
1.4686268110753105
17.8958543299766
-7.319141193022816
13.884477347946287
11.706225049664326
7.8353062206605415
-11.833869754107852
-9.176383334348941
-11.09391461600677
-13.516830925639937
-7.74058214059211
9.129971907245377
-14.30043685223184
-11.113218636970686
-5.826451136972793
-11.215162155462565
8.129846750460743
13.116259967204641
-5.599500357412495
-11.618668079774707
-8.130348304602961
6.709728020022652
-7.407069519462823
-9.293607163601493
-6.680113139650544
-6.203629303083105
-4.0043518877375845
15.254914315207444
-9.743818844913264
-8.350973653200938
-8.945596228773951
4.635225071048751
-5.102410460300874
3.8876843060011197
-7.125228699246151
-8.924165593969278
-8.583859144678343
22.66443558667929
-9.63766772176983
-8.945596228773951
-9.560218456705442
-11.416070118138819
14.161867368417404
20.282343691321827
-6.037794815908526
-5.325949314661074
5.980338554997942
-14.172509103451404
-4.899316895224004
-14.931674815590142
-11.505124749459071
-8.366022003499069
-10.124876021116933
-2.8342679141523774
12.706917827498813
-9.372380060081099
-6.137367348688386
-6.911441062997369
-11.911347046299497
2.045237426575852
-11.745852774792084
-12.380899503900395
19.840495747295435
-9.293419194207615
3.5445859535614233
-11.003685601159361
16.484162030131913
-8.707588924426545
-7.657889586239946
-10.552071582759893
14.32242835821566
-8.664300807372229
1.1932702254888738
12.994319289693294
4.573683280993521
-9.766900771576019
-10.619874097765845
-8.325815874250381
-13.116647240324738
1.4941956225296025
-11.165097507465276
-8.383439573353883
-5.148111054722875
-14.142647043935938
6.2255677608459905
12.587566317290893
-11.39562284578217
-7.556581931696343
-8.28590614013865
10.619456890161771
-15.876138623742321
-13.891437157120677
-8.198301164682377
-7.125228699246151
-6.604982801771186
-7.556606912236731
-16.79005789145269
13.069108001170804
-10.619825999536957
-11.78835292835312
11.689166243322049
11.534381687920032
-10.451888947943559
-5.09235956618852
11.30964982722928
-9.560305180130044
-6.674758907493484
-9.377338270957708
-12.030738457224658
6.154932454367824
-1.776273547771396
-9.673482671037448
-11.210868869204887
-6.4590477764525644
8.36560479589501
7.556164724092284
-12.030738457224658
-9.688949507807067
-9.63766772176983
12.33887135081828
-11.633886732337544
-9.800026183822268
-8.202559378467996
-8.409145991921875
-8.06340389148832
1.0706079893391234
-10.008169952618204
13.626701858803969
-6.981207150892587
-11.489179570876757
-7.957750125646982
-1.6848798817915167
-3.945387974487261
-6.843083662967004
-9.549369193737448
-7.943649690235091
-2.3139681155696223
-4.351291005267527
15.865452332494655
-11.78835292835312
-8.583890768648317
-13.912775447517276
-9.977926287816842
-11.402648887682261
-11.706637550349527
-11.53479409491527
-9.766900771576019
-10.90513654298411
-7.471804909875061
-13.151235488085504
10.551654375155834
11.724972308005846
-10.90513654298411
10.256577853224613
-13.151235488085504
-8.276184791208593
-11.402648887682261
12.380484573445386
-10.16224613693555
-8.707588924426545
-14.898842588513858
-14.036368828314963
12.828639147449977
16.015248517862247
-8.880890648340312
-7.628307787154796
-9.55440787190102
-10.7390880064861
-13.609933673033964
-2.9358015365541803
-10.451888947943559
-8.972878199668642
11.94400734935141
-10.619874097765845
-10.885817564835492
-9.377338270957708
-6.215872955167981
-9.462452813457347
25.48891863175278
10.972056909097148
-1.9253604169204124
-11.017383679825826
-6.645413328090811
-7.74058214059211
1.1015806488198905
-9.211159013060339
2.202350851900505
12.874757253490017
-9.353228882940897
-12.587983524894952
13.207686754598612
-10.353491122544995
-9.800026183822268
-11.706603739942096
-10.86435352082816
-6.710145227626725
-12.692916193313437
-8.39313978157918
14.43575172437771
-10.008169952618204
-5.545430087987484
11.40643349845783
8.048944734887883
-6.981207150892587
-3.433749188823498
-3.0776427046107813
-6.399121271293097
-10.06089661179361
-8.915094048625292
-8.409145991921875
-8.202508228714251
12.288013647754582
14.035951620710918
10.124375704377343
2.02703485412178
7.815114610190179
-8.40364495684446
16.48423663314375
5.042298237805042
9.540113113023466
-9.533364123047932
-10.425969664531479
-11.310067034833367
19.405689511949817
-10.389073009139693
-11.017248079340874
-3.743152955182566
-6.082595544481137
-8.447771241371598
-12.33928855842234
-9.888210289722167
-12.633656690105369
20.82843007270823
18.093722278420728
-8.746421068385061
-7.352540267254568
5.586935732173117
-5.599497978585148
-10.39755999702139
-11.402648887682261
2.2237638115181824
-11.523881826825487
-14.036368828314963
-8.707588924426545
-12.739901597585217
-7.657889586239946
-7.062901363105425
-8.880890648340312
-11.406850706061903
-5.710960845233302
-8.325815874250381
-8.864873762201071
12.952606656569245
-8.427217556757427
-10.124810548635992
-3.8142716952384887
-7.920879031600563
-10.552071582759893
5.194291337964458
-5.7108600291179386
6.398704063689038
13.033082546949132
10.922606633948263
16.975226014443393
-8.531047925202515
4.2140364381552615
-10.561168766046563
19.230516803355968
-7.829299286763515
-10.39755999702139
-6.271242154412022
-12.52896431664496
-9.00199513857683
16.02007502721743
9.366285783527687
12.407174643067819
-3.6524229737934206
-11.310129076126529
-12.642394979106626
-4.763798197359279
-11.416070118138819
-7.561695576851292
10.784175288361908
-7.696166534566132
18.970160360514313
-7.980425945941519
16.808402217473017
10.728671020548987
17.8958543299766
-4.276096650563261
-3.289490315899002
-12.094958865753938
-12.926255568125171
-7.633579562046222
-7.062898169035549
-7.368244986156341
-8.829991543456956
1.8180278713946478
-6.927518501986327
8.601195538807545
1.7181377948450631
3.4237333231187392
-8.409145991921875
-8.130263958064859
-15.255331522811545
-11.618668079774707
10.988435806180519
-6.470001844242162
-5.560090052177856
-11.103958766845892
5.440063223924923
-7.712203613920096
-9.14739149607442
-10.261521192931852
13.150818280481431
-9.628322719610935
14.290112831025994
10.88532649005397
-9.050930501925393
-12.355507045672539
-12.72458671213137
-13.591228332822695
-5.710791168354305
6.980789943288514
-7.980425945941519
-12.470713312362903
-8.880890648340312
10.829808661575868
17.604443972862953
15.49465406534155
-17.92811698203093
-7.980425945941519
-4.9461662853895945
-7.193652139689647
15.461086385406205
15.030184251663712
-10.95425344547371
-10.06923379569524
-7.275253782990518
-9.743818844913264
-7.792386888614956
11.523464619221386
-5.886187624506945
4.044200032541426
-9.11164305080628
-9.46253471934871
-9.027812713526558
4.71445437965879
-9.599124343328313
-6.0726476100865625
-6.0092221603153035
-16.47074049935668
-10.98886044572508
-1.7359552605117727
-1.0610911415937778
-11.310129076126529
-6.674758907493484
-8.746421068385061
-10.124792911981416
-6.992167304918766
-12.417575543935243
12.200360706916996
-8.049351764636498
-8.194434864331981
-4.9168151943011225
-6.9273669969112746
-5.545472672954844
-11.421432530712309
-11.09391461600677
-7.431579436003275
-7.74058214059211
-4.853231949495125
-13.371496859522665
-8.615933596226085
-6.843010693470603
-11.09391461600677
-9.196834180807542
-6.519989830576961
-10.68504056170734
-8.130263958064859
-9.72774591178083
-7.46069024363365
-7.062901363105425
-4.3161438505542264
-6.037900352298365
-8.21291173219673
7.385861045033593
-6.863844437983445
-7.496022749428548
-6.404574405530823
-15.341073009482088
-8.130348304602961
-12.308260388502234
-9.03975612151595
-5.66400368921785
10.587100635914283
-11.745852774792084
-4.044662250849797
-14.826724922143
-10.17567010181115
-7.969783052280462
-11.81006279427207
-10.204105770442624
-8.880955095224678
-12.094958865753938
-3.8507921073269102
13.078970992507138
-1.7536018590798363
-5.886187624506945
11.633469524733485
-7.411652233310107
9.462035605853274
11.534381687920032
-11.310129076126529
-6.654628825151121
-8.0593862311527
-11.864611880011424
-8.915147451966988
19.840495747295435
-8.286060571889166
-12.40765332904654
-6.710145227626725
-6.282743370554769
11.00326462847849
-9.162574294858814
12.994319289693294
-11.003685601159361
-5.339368036880984
8.40325674767368
3.6136032818809554
2.8061553369564933
-12.225418551099352
-14.64216459344982
-6.0960969832046175
-8.409145991921875
-10.619874097765845
18.6343561927534
-1.1575208347647106
-10.451888947943559
12.264531504562825
-13.36711704546724
-11.416070118138819
19.04632906618461
-10.654154349976992
11.205835642958291
-6.710145227626725
-14.149641077171594
9.180359029466587
-1.5914079019914595
-11.768466584286386
-3.8143304784417182
-10.008169952618204
17.764717304559184
-6.5629724259753885
-17.354146944924167
11.990664054961755
-7.74058214059211
-11.706603739942096
14.280913413082686
-14.743769156526099
-10.830309605115843
12.33888752674683
-10.619874097765845
8.914676841021205
-10.758142147558473
12.307843180898175
-9.381793510362513
-7.594911030973009
10.358907436741802
9.19646139936603
-12.200711816703034
-12.692916193313437
-8.972856365043057
-8.972878199668642
-12.094958865753938
12.35508983806848
-9.819491475170892
-10.9392396550477
16.10113741714885
-14.157833054409096
8.56061284939365
6.99175967164183
-8.276184791208593
14.573996088562382
-6.155349661971897
-10.407933224186323
-9.11164305080628
-6.992176879245903
-9.95089754975001
-16.50460354564113
-4.214298800379751
9.19646139936603
-8.915147451966988
6.07226176233776
-9.977926287816842
-4.686025669155896
12.706917827498813
-11.833869754107852
17.18549620112408
-9.912987793898182
-12.587983524894952
-9.782535816884334
-8.378925031630573
-3.9304068542889894
-9.283821687739533
-15.202584425251416
-12.804561342620374
9.553990664296961
-9.272747356345548
-9.09043826552201
-1.718636464491965
-11.768593304672805
16.157149016915568
13.270441339135331
6.709728020022652
-7.969870485274583
-6.801566596657352
15.859203080020933
-6.037794815908526
4.447147520462281
-9.09043826552201
14.714766365406106
-11.514067924469984
-6.710057547630399
4.398457748708367
-14.621120392803775
-6.340472198426085
-11.514140070277548
-6.680044455920509
10.256577853224613
-3.85703453535983
-10.008169952618204
-7.052614091563157
-9.782535816884334
-11.505124749459071
17.859986983390158
15.068245222672417
13.771399335438502
-11.206088144717413
16.990605273726814
-9.11164305080628
-10.204132739891293
-8.130263958064859
-9.841376533500892
-7.334608361543985
-8.315321284854804
13.270441339135331
-5.339368036880984
-2.7794051867990106
12.464822201105534
-8.286060571889166
-8.366022003499069
-9.819491475170892
-11.833869754107852
10.203688562838536
-10.552071582759893
-12.652711269023015
-7.524080759745516
8.746003860780988
-9.60546621594105
-2.700756683882986
-12.236300610215338
17.18549620112408
11.003268393555302
-4.899329153552941
-9.211265170332311
-8.880983832561938
-12.137108222686976
-7.980425945941519
4.197413061671284
12.24211828397226
-10.552071582759893
-7.188716863309907
-7.253338721113209
-11.113218636970686
-14.036368828314963
4.843891047828407
-3.9648472159563255
16.975226014443393
16.699064539236872
10.358907436741802
-10.257119309569902
-8.350973653200938
-9.14739149607442
-9.462452813457347
-6.340327108049806
13.916719974293457
-14.719906378876118
-6.992176879245903
-14.311235103778188
-7.633579562046222
-11.129424570305545
-3.8143304784417182
-4.085895174175974
-9.660062540321746
-2.3139681155696223
14.516503704906341
-8.427217556757427
20.081803026160287
-13.897384888849757
6.339909900445733
-1.0811687036903237
-10.214103095098338
12.994394632963136
-10.407821226971535
22.66443558667929
-6.17044167882365
7.891508344554083
-10.17567010181115
-9.782535816884334
-8.829986319930882
-8.915147451966988
-8.746421068385061
-4.574129303737735
-9.846010328796766
-9.55440787190102
-13.069525208774863
-10.40796234751619
15.865452332494655
10.784031276888939
-11.97627363557011
-8.043114429469838
16.699064539236872
-8.202508228714251
-7.319141193022816
-2.386198388396565
-10.39755999702139
-7.891860296446183
-12.642394979106626
-7.989550428203927
-13.392725705416979
14.826307714538956
-11.505124749459071
-4.5944646453769025
-12.957751880379632
-10.830250114333225
-6.399121271293097
-9.066664097378904
-7.989597383218239
9.260015649052036
-10.042180915632855
0.5302294104333498
-11.768593304672805
-11.08276162086105
9.912570586294109
-9.727749484664301
14.596314289000674
-5.768060353869387
12.994394632963136
12.63323948250131
-8.924165593969278
-10.17567010181115
-8.409044973869243
-9.55440787190102
-9.310105223745026
9.727384481741751
-3.399893985385674
-9.293607163601493
9.72732870417677
-10.186911821053215
-11.489179570876757
-10.649424983152826
-3.6140531143160217
-11.310129076126529
-9.372380060081099
-9.462452813457347
-6.740263152743154
-5.241955202738794
-11.09391461600677
-9.027812713526558
-11.416070118138819
10.61940879193287
3.2703755385160918
10.145325356084413
-4.6355986557280175
-9.761992929146686
-6.562846968598535
4.044200032541426
14.688610935334637
-8.746421068385061
2.6024423161256323
-5.371145682350203
4.049366847220099
-7.193759539373474
-12.162421953557896
12.528684197093355
16.10113741714885
-10.17567010181115
-2.8065725445605523
-7.058106849682517
-12.875167416046196
-10.214113558216653
13.366824668980556
-12.162421953557896
7.666646206376711
-2.6508609590910055
-8.202508228714251
-9.10762539047063
7.406652311858764
12.907212093424562
6.27701404434066
4.324785243000335
-10.305076967498564
4.1702113245078465
1.6520994455287195
17.80162117635348
-10.305076967498564
-4.2760405844837805
-9.554470461505574
9.887793082118066
-2.2028953336574375
11.591949490101243
-13.570697715709684
-14.715276267785555
-11.689583450926108
-4.441401885604165
10.649007775548753
-10.305076967498564
-5.042684429205764
-6.215777145090215
9.162167084734278
-6.082595544481137
-11.725389515609905
3.467936598001188
7.352123059650481
-4.899329153552941
-6.645413328090811
-9.26044517059404
17.18549620112408
-4.0858889793564686
-11.43394185800058
-8.05471617464903
-9.372380060081099
2.1608616322922103
6.60470015626025
-13.696072097303002
-10.008141502016187
-8.276184791208593
-13.535987773909582
-6.604982801771186
-10.864321841681615
-10.45192090022212
-10.830225869179927
-13.183172705985768
16.157149016915568
11.513594710619273
-6.505876015854113
17.744380541034303
-13.367226725798915
12.470296104758845
-13.771816543042561
-14.995326173105695
-8.0593862311527
1.0228916525804408
-11.103958766845892
-11.310129076126529
-12.783585303424232
-13.931978048824178
-6.282728082957334
-13.079296203732113
16.48423663314375
5.710442821513865
1.576350320419877
-11.215162155462565
-6.863979324001406
-10.407821205820554
15.73855300469964
-14.30043685223184
-5.194708545568517
-5.30104459799567
-5.599484185406411
-9.01947212645159
2.5074575513315693
16.750078834012285
-12.057002196646266
-12.056924967865811
-11.103958766845892
-9.090535587753322
-8.864873762201071
-5.8397897144532465
-11.206088144717413
-2.9611485743726007
9.376921063353649
-9.841299174273914
-10.305076967498564
-4.3252874716659875
-6.582223720467212
-8.130263958064859
-6.863844437983445
-14.664719242936457
7.666646206376711
12.778476804082729
-7.8357234282646
11.745397685076597
-12.095013296584185
-8.276184791208593
-10.591790011973657
-2.7264503719139412
8.864456554596998
-10.933987789502453
-7.188716863309907
23.49844840352162
-11.618690766829204
8.901492798078593
19.502237117961243
12.094561433352197
-8.829991543456956
-10.713257765474452
-8.631047370017313
-8.790659567543884
-9.14739149607442
-12.804561342620374
-8.829991543456956
-13.240670524685001
-4.357198123902634
-10.830225869179927
-7.058106849682517
-7.319141193022816
8.89568921423816
15.254914315207444
2.6321996026499477
-2.7008289384189936
-6.863844437983445
-8.583890768648317
-2.361567558768826
-1.7763057723614963
10.16191821336838
18.434642860582585
-5.974571696693687
-18.29303121736507
-12.369222376423465
13.116230032720665
-7.657889586239946
-11.864611880011424
-7.481086034758846
17.553328222223413
-8.785538622934908
-16.59836384692389
-10.43768206010725
10.904776593981722
-10.39755999702139
16.975226014443393
-5.947015788878318
-9.18077623707066
-15.136013975953887
21.37035242471117
8.285643364285065
-9.55440787190102
-11.003681836082606
-7.6670634139807845
-7.633632837188202
3.179701844825715
-6.582223720467212
-6.87021769737396
-5.440480431529039
8.275767583604491
-7.352540267254568
-8.852157963748539
-9.130389114849436
-6.953176059556839
-9.462452813457347
-7.1937804665301
-6.340472198426085
-17.382602151063836
12.464736456048016
12.528684197093355
9.72732870417677
-9.72774591178083
-10.587584730444945
-7.969783052280462
-9.95089754975001
7.853112318170787
-10.140941397784829
24.691317534451997
9.819074267566833
-9.841376533500892
-6.215783998272428
-10.389073009139693
-10.527906097871536
-13.134142046411753
-13.897341215119269
-11.310129076126529
-8.350973653200938
-6.2259849684500495
-8.785538622934908
-11.618653984531747
-5.412075991716847
-10.758142147558473
-5.440480431529039
11.975826041393503
-9.01947212645159
11.94400734935141
-2.9510194538344763
-6.582223720467212
-10.261610507021174
20.071364127257254
-6.399121271293097
1.1932702254888738
-12.094958865753938
-16.69948174684096
9.283372794207523
-8.972856365043057
12.13108590833383
-9.462452813457347
-6.155349661971897
-2.064048228750849
14.153249678489203
-10.491735495369952
10.653737142372904
-14.381583848199767
-6.674759333958548
-7.26342547008548
14.290091725728857
-10.90513654298411
-8.707588924426545
11.103654459993635
-8.286060571889166
-7.306012573197279
-3.8507921073269102
17.744380541034303
-12.162421953557896
8.945179021169878
-5.0575332187419235
9.637250514165757
-7.407069519462823
6.863427230379386
7.9068733438119665
-7.684264213275284
-8.65272831675577
-8.366022003499069
-13.448850835915408
-6.775850351499386
-2.8065725445605523
-6.911437840429329
-10.784448484493012
-2.7794751092981187
17.353729737320094
6.801149389053293
-11.650501240868138
-3.1509626413651404
2.72613926844069
-8.583890768648317
-4.0043518877375845
7.406652311858764
4.0854779665718866
-3.3667118188826635
-9.55440787190102
-0.5259204528305474
-13.570697715709684
-13.614427210793025
19.617664211338877
-9.462452813457347
-4.808249841780153
15.802365296789063
-7.306012573197279
12.828639147449977
3.576227683361239
-8.746421068385061
-9.63766772176983
-12.417575543935243
-10.784592495965967
-9.95089754975001
-11.003681836082606
-8.130263958064859
13.18275549838171
-7.696193400449317
11.20063786365273
-8.39313978157918
-4.357198123902634
-8.746421068385061
-14.153666886093276
-5.869716531090262
-2.4112062333644246
-7.594911030973009
-12.2158899001831
-4.21448309168953
-11.604958453033987
-12.692916193313437
12.874750208442123
-14.036368828314963
-9.235850918544514
-9.377338270957708
-12.465239408709607
-7.556606912236731
16.745541090174115
12.706917827498813
-5.148111054722875
-8.366022003499069
-13.270858546739404
14.300019644627767
-10.758142147558473
-9.050930501925393
-14.868527480348007
7.2630082624814065
-11.991056920018394
8.746003860780988
-10.7390880064861
-7.058106849682517
-4.159747183700546
-9.462452813457347
15.164289564774677
17.06256075299703
-8.130263958064859
-2.2908262777014414
-7.524080759745516
-5.710864578744378
-5.527741811322969
4.23625870172539
-3.544980109287863
-7.0580195087298705
-7.744876954709667
-8.673378160310875
4.9695289181084945
-2.626596074689445
-8.711673810596878
-13.799678143789137
13.39230849781292
14.161867368417404
-2.121396668602756
19.289918384004793
-10.042215234313872
-14.29050893333293
-9.366702991131746
9.37196285247704
-10.762784193297676
-8.337701605529347
-9.027812713526558
-7.556606912236731
-8.427217556757427
13.49548557724691
-9.224221574885263
12.470296104758845
9.574030335468535
12.706917827498813
-2.2028953336574375
4.324845378522468
11.003268393555302
-2.9109788745696505
12.288013647754582
18.61545325569726
-7.920879031600563
-11.618668079774707
-7.891925552158142
-10.305069642985714
-7.633579562046222
-12.127255174254202
-13.134142046411753
-10.80845749458311
-11.406850706061903
-7.454560108216029
-14.393700540963678
-6.8819878715174525
16.649893550507628
11.309711868522427
-6.536795499842668
-5.440480431529039
15.554368116536907
-4.0858889793564686
-10.16224613693555
-8.583890768648317
5.885770416902872
-12.888361224559887
-3.9261800808646683
14.893228918820355
-12.09497864095627
-5.980755762602016
14.290091725728857
-6.1157573313309825
2.0093878433498844
-13.528496676926864
6.775433143895327
-9.001915660475689
-0.9242644787460392
-12.470713312362903
4.677251526376153
-12.162421953557896
-5.7108600291179386
-8.350973653200938
8.672960952706816
14.931257607986069
-10.922984965937218
-11.406850706061903
-6.710057547630399
-12.242535491576348
-6.740263152743154
-8.972878199668642
20.48675283007701
-7.3739322459239105
-7.633632837188202
-10.923023841552336
-8.924165593969278
-2.8914672636023937
-17.071274239739623
15.068245222672417
-10.68504056170734
-11.745852774792084
-10.85025356256665
-11.143111680211305
-7.76532728278606
-14.868527480348007
-3.691634923811691
-8.130263958064859
11.94400734935141
-8.631047370017313
-11.310129076126529
-9.36039219031889
12.528547109040886
13.172379158974621
16.025624825438925
-4.049784054824173
14.470032809835828
-5.148128566873041
-10.105311149984985
-7.76532728278606
-7.594911030973009
8.048944734887883
-11.003685601159361
-5.560090052177856
19.230516803355968
-5.617892622124131
-11.523881826825487
3.539438459652388
-6.282728082957334
9.366285783527687
-13.069525208774863
-10.204105770442624
-11.310129076126529
-6.459058746195879
-9.63766772176983
-12.707335035102886
-13.771816543042561
-7.853454740514763
-7.980425945941519
-11.210868869204887
-7.8357234282646
8.785121415330849
-5.560090052177856
-12.325031439009493
-8.829991543456956
-5.2473450849597185
-10.06923379569524
-7.8292943484926525
-11.406698190982226
-7.969870485274583
-11.411191152261154
-15.780919179670946
17.463699452593474
-6.645498010385751
-12.162491073461865
-6.037794815908526
-11.97638057271395
-6.340327108049806
-13.47800724698007
-13.371496859522665
18.047556955325803
-10.90513654298411
6.519572622972888
-13.324667820444446
-10.784592495965967
-8.583890768648317
-11.725389515609905
-10.80837744394006
-7.0580195087298705
-7.891925552158142
-7.712203613920096
-10.407933224186323
-13.102963626561007
-8.409145991921875
4.8529004171649746
15.554368116536907
-10.17567010181115
4.573683280993521
-7.969783052280462
4.0443319429453055
11.210404504209336
-8.89610642184222
16.326694490934088
13.642775678413443
-18.047974162929876
-10.830225869179927
-7.26342547008548
-5.092256842428242
-9.372380060081099
-9.841376533500892
12.094561433352197
-5.492590657409849
14.310817896174115
6.709728020022652
-5.417138504494531
-12.917960918703855
-10.16224613693555
8.129846750460743
-10.39755999702139
-7.524081907543092
5.599083149808422
-12.242535491576348
13.771399335438502
-5.710736123777167
-4.1278385686104
6.863427230379386
8.285643364285065
11.990664054961755
-7.253477440730961
-7.6670634139807845
-9.46253471934871
-5.7108600291179386
-13.591228332822695
-3.6746623910028404
10.407404019367476
-13.20810396220267
-10.407821205820554
2.181502669111808
-9.46253471934871
-5.924784378042958
16.75556537883483
-12.162421953557896
-12.43344527170386
-7.407187000262184
15.87103149745623
-7.50755661139452
12.528684197093355
19.98297315290978
-8.615819296845544
-12.09497864095627
8.972460992064569
4.275679442959202
-10.43768206010725
-14.3356736267759
6.519572622972888
-11.78835292835312
-7.76532728278606
-8.130348304602961
-12.094958865753938
-14.500461247008133
-9.9820663806574
-12.300655567815937
-9.224221574885263
-5.09235956618852
7.98000873833746
-9.940873261089266
-10.145814080338724
17.700287358005184
-10.037104397472973
-5.492590657409849
-7.062901363105425
-9.317307860782734
-9.381793510362513
-11.206088144717413
3.674334965645812
7.891462481144316
4.496893202668403
9.559917047239196
-9.91296130444752
-5.33934712936518
-9.293607163601493
-15.642450152046692
14.172091895847316
6.91102385539331
-7.386278252637652
4.85282434556342
-8.945596228773951
-5.389460979032876
-10.191719079373897
7.989051916901516
-13.781723288349994
-11.103958766845892
9.039338913911891
-3.945404154968955
-15.865869540098714
10.863890586981228
-10.124792911981416
-8.615819296845544
-12.28843085535864
-9.913054563369172
-5.417155649299303
-3.503744756622183
4.35093499770899
-4.197900690919624
14.664302035332398
12.5873937757857
14.035951620710918
-8.05471617464903
-12.162421953557896
-10.98886044572508
13.771399335438502
-12.829056355054036
-8.130263958064859
-12.994811840567209
10.88532649005397
-7.8357234282646
-5.290308370250543
-6.115742701143546
-13.116647240324738
4.398457748708367
-9.027812713526558
-8.409145991921875
-10.008169952618204
-12.426170417822604
-9.46253471934871
-4.635642278652824
-6.9273669969112746
-12.994811840567209
15.875721416138276
-7.712203613920096
-3.608639137827055
-5.042715445409101
-11.2190146923419
-4.950519523795862
1.7532905752923256
17.258780248458123
13.207658189504343
5.599083149808422
-11.09391461600677
-12.953023864173332
-13.790998849277415
12.215424680886002
15.15392268654324
9.819074267566833
-9.549369193737448
-6.992167304918766
14.839678270976194
-10.527906097871536
-11.534767612061898
-6.399121271293097
-3.945404154968955
-9.904451946330767
-11.560376679389748
-3.743152955182566
11.859474734124063
-12.022457533077912
-11.833869754107852
-8.664300807372229
-10.864321841681615
-10.425969664531479
-13.790998849277415
-6.911437840429329
-8.915147451966988
8.829574335852897
-8.915147451966988
-5.356103372363833
-9.196878606970088
20.955489182219253
-6.992176879245903
-1.9980038819876995
3.5134785033371116
-5.937679580402616
14.664302035332398
8.054298967044957
-8.829986319930882
-8.005058513407477
-11.725389515609905
-8.26740976195181
-10.353571173188072
23.42847310664864
11.309684580270059
14.43575172437771
-5.290393555748622
-7.454560108216029
-10.204091610714272
11.398496740030907
-7.26342547008548
-9.462452813457347
-8.785538622934908
-11.67389729552184
-4.7148715872629055
11.309711868522427
13.182844831549843
-2.3614807221233036
-2.3375078017840423
-10.353491122544995
-10.713257765474452
-8.673378160310875
-7.009565987270406
-3.8881024139446083
16.238683082655726
-4.813863090642698
-5.957385883158153
-8.06340389148832
-4.436664682855593
-6.654628825151121
-8.664300807372229
3.7427357475785072
-7.920879031600563
-8.711673810596878
-8.504799337058003
-11.406850706061903
14.534213281540275
-3.334109532163467
-9.54463109654057
-12.70730747809894
-7.407069519462823
-11.725389515609905
-8.04936194249197
4.898911945948882
9.819074267566833
-10.345068238268851
-8.207518590541426
5.2898911626464695
15.068245222672417
-10.069302185509414
-8.427202760930584
-5.937679580402616
13.150818280481431
-11.402648887682261
3.0392547257324622
16.015248517862247
-9.800026183822268
7.711786406316023
-5.511782176310291
-14.29050893333293
23.039254725732462
21.2793783734638
-5.463961858684385
-8.813037149764284
-9.111549014953951
-12.225418551099352
-4.39899316839616
-9.462452813457347
-9.549369193737448
-5.648507059377678
-9.130389114849436
20.555769038375786
-11.745852774792084
-8.447771241371598
-9.888210289722167
-11.689583450926108
-11.991081262565828
-10.9392396550477
-9.462452813457347
-10.345068238268851
4.813308602380374
8.054298967044957
-10.885743697658043
-6.620908862024137
-11.592366697705302
-7.352540267254568
-11.113218636970686
-11.725389515609905
-5.057501996917125
-8.05471617464903
2.8061444105384226
-12.236421200058501
18.78836597385333
4.513741983046984
-10.214113558216653
-12.888361224559887
-10.105217111725224
-11.633886732337544
15.123864803435382
11.30964982722928
8.383114015987218
21.80113997780319
16.219983172713086
-13.586262177074673
-9.377338270957708
-7.386298170830443
-8.702446534816147
-12.28843085535864
-10.654143778386583
-9.628322719610935
-5.356124279879609
-11.991081262565828
7.262941823336718
-10.649424983152826
-8.785538622934908
-1.7535780678005182
-8.409145991921875
22.890359055904057
15.619258309383909
16.48423663314375
5.24692787735566
9.11122584320222
-10.552071582759893
-7.969783052280462
-6.505806788495377
8.36560479589501
4.76341676458604
-3.334109532163467
-8.00488620592904
-7.334608361543985
-10.348960712434248
-13.67150751631624
-10.654143778386583
-9.841299174273914
16.649893550507628
-11.706603739942096
-9.18077623707066
11.534381687920032
11.30964982722928
-7.368244986156341
6.581806512863139
-9.317307860782734
-6.801566596657352
-9.819491475170892
7.334191153939912
-12.171673654406902
-9.462452813457347
-15.376419493914526
-11.398908763093488
-7.26342547008548
5.389088991985815
13.339110667140716
-7.450482046486513
-12.030738457224658
-7.907290551416025
-2.1410241672513877
-7.495998665256877
-12.52896431664496
-9.462452813457347
-8.949693745252588
-3.424150530722784
10.213685887494222
-19.46609250687031
-7.957750125646982
-9.54053032062754
-9.743818844913264
10.65372657078251
4.288909722761389
10.587167522840886
12.136694740565503
11.415652910534732
-9.673482671037448
-9.846010328796766
-10.474472473981905
-9.827834914250943
-10.353491122544995
-6.277503324192779
6.775433143895327
-5.768150566369897
-5.609454659446257
15.49465406534155
-6.941264843256832
-7.815531817794238
-12.28843085535864
-7.431586361194519
-10.922984965937218
-9.54053032062754
-9.001915660475689
-6.620908862024137
20.304240425246647
-9.743818844913264
12.99441866391497
7.633215629584143
-9.462452813457347
-5.710864578744378
-8.202508228714251
16.10113741714885
20.422124070756368
-10.39755999702139
3.7427357475785072
-3.8880768538990367
-12.994811840567209
-11.592366697705302
-7.853543515719764
-4.853206293989373
-8.915147451966988
-7.454560108216029
-8.504799337058003
-8.471349119650597
-5.869764610294666
-9.648185661957186
7.873803574312689
-9.819491475170892
-8.53092591160977
-6.801589041737415
-12.957751880379632
-8.915147451966988
