0	46356031
1	46376442
2	46377084
3	46377728
4	46378693
5	46379702
6	46380317
7	46380977
8	46381601
9	46382584
10	46383905
11	46385084
12	46385717
13	46386315
14	46388521
15	46389077
16	46389787
17	46390405
18	46391093
19	46391777
20	46392412
21	46393054
22	46393734
23	46394682
24	46395328
25	46395950
26	46396601
27	46397281
28	46397956
29	46398886
30	46399577
31	46400275
32	46401266
33	46401918
34	46402612
35	46405501
36	46406152
37	46406762
38	46407335
39	46408283
40	46408866
41	46409702
42	46410212
43	46410744
44	46411318
45	46411914
46	46412441
47	46412949
48	46413446
49	46414024
50	46415195
51	46415832
52	46416373
53	46416963
54	46417577
55	46418438
56	46419188
57	46419786
58	46420716
59	46421362
60	46421916
61	46422552
62	46423093
63	46423594
64	46424542
65	46425152
66	46425733
67	46426274
68	46426844
69	46427495
70	46428176
71	46428730
72	46429282
73	46429842
74	46430468
75	46431133
76	46432104
77	46432673
78	46433282
79	46436370
80	46436917
81	46437462
82	46438122
83	46438670
84	46439245
85	46439827
86	46440634
87	46441242
88	46441794
89	46442631
90	46443216
91	46444303
92	46444907
93	46445492
94	46446165
95	46446759
96	46447616
97	46448269
98	46448782
99	46449292
100	46449844
101	46450707
102	46451513
103	46452661
104	46453231
105	46453822
106	46454403
107	46454997
108	46455529
109	46456116
110	46456664
111	46457264
112	46458479
113	46459379
114	46460483
115	46461032
116	46461561
117	46462125
118	46462646
119	46463121
120	46463716
121	46464262
122	46465267
123	46465767
124	46466311
125	46467419
126	46468019
127	46468688
128	46469377
129	46469944
130	46470634
131	46471190
132	46472652
133	46473250
134	46473991
135	46474618
136	46475326
137	46475990
138	46476633
139	46477573
140	46478268
141	46479227
142	46479856
143	46480391
144	46480938
145	46481593
146	46482167
147	46482971
148	46483478
149	46484063
150	46484401
151	46485661
152	46486277
153	46486820
154	46487423
155	46487991
156	46488558
157	46489122
158	46489704
159	46490624
160	46491850
161	46492460
162	46493030
163	46493997
164	46495639
165	46496190
166	46496752
167	46497347
168	46497874
169	46498440
170	46499113
171	46499635
172	46500196
173	46500746
174	46501616
175	46502263
176	46502851
177	46503477
178	46504159
179	46504697
180	46505316
181	46506185
182	46506762
183	46507330
184	46507890
185	46508462
186	46509143
187	46509692
188	46510212
189	46510745
190	46511325
191	46512703
192	46513251
193	46513828
194	46514327
195	46514853
196	46515489
197	46516027
198	46517085
199	46518003
200	46518836
201	46521006
202	46521919
203	46522438
204	46522934
205	46523492
206	46524058
207	46524983
208	46525514
209	46526034
210	46526557
211	46527141
212	46527689
213	46528185
214	46528726
215	46529307
216	46530433
217	46531047
218	46531591
219	46532160
220	46532727
221	46533532
222	46534590
223	46535128
224	46536239
225	46536793
226	46537366
227	46538177
228	46538729
229	46539239
230	46540393
231	46540968
232	46541507
233	46542054
234	46542607
235	46543190
236	46543768
237	46544344
238	46544879
239	46545443
240	46546037
241	46546903
242	46547468
243	46548039
244	46548865
245	46549501
246	46550043
247	46550566
248	46551129
249	46551723
250	46552584
251	46553162
252	46553748
253	46554320
254	46555449
255	46556328
256	46556858
257	46557462
258	46558340
259	46558843
260	46559388
261	46560226
262	46560757
263	46561360
264	46561896
265	46562702
266	46563224
267	46563746
268	46564289
269	46564800
270	46565314
271	46565864
272	46566390
273	46566894
274	46567440
275	46569843
276	46570738
277	46571358
278	46571980
279	46572569
280	46573360
281	46573829
282	46574374
283	46575150
284	46576946
285	46577442
286	46577928
287	46578429
288	46578943
289	46579471
290	46580335
291	46580806
292	46581215
293	46581639
294	46582661
295	46583148
296	46583795
297	46584252
298	46584700
299	46585100
300	46585533
301	46585998
302	46586433
303	46586869
304	46587325
305	46587754
306	46588197
307	46588598
308	46589241
309	46589656
310	46590099
311	46590540
312	46592055
313	46592657
314	46593094
315	46593509
316	46593924
317	46594351
318	46594739
319	46595158
320	46595607
321	46596013
322	46596479
323	46597249
324	46597877
325	46598266
326	46598893
327	46599278
328	46599684
329	46600093
330	46600479
331	46601345
332	46601756
333	46602183
334	46604096
335	46604562
336	46605063
337	46605490
338	46605899
339	46606350
340	46606768
341	46607178
342	46607615
343	46608019
344	46608662
345	46609122
346	46609582
347	46609988
348	46610845
349	46611272
350	46611681
351	46612338
352	46612733
353	46613170
354	46613619
355	46614064
356	46614684
357	46615097
358	46615531
359	46615979
360	46616612
361	46617040
362	46617478
363	46617901
364	46618306
365	46618705
366	46619127
367	46619574
368	46620024
369	46620452
370	46620923
371	46621371
372	46621767
373	46622200
374	46622810
375	46623506
376	46623957
377	46624374
378	46624773
379	46625172
380	46625808
381	46626234
382	46626605
383	46627415
384	46627849
385	46628276
386	46628722
387	46629345
388	46629760
389	46630189
390	46630658
391	46631057
392	46631420
393	46631835
394	46632242
395	46632697
396	46633152
397	46633645
398	46634125
399	46634560
400	46635188
401	46636032
402	46636480
403	46637206
404	46637622
405	46638557
406	46639047
407	46639482
408	46639942
409	46640355
410	46640783
411	46641173
412	46641551
413	46642229
414	46642667
415	46643103
416	46643486
417	46643899
418	46644325
419	46644721
420	46645335
421	46645733
422	46646118
423	46646508
424	46647358
425	46647777
426	46648220
427	46648591
428	46649055
429	46649488
430	46650078
431	46650508
432	46650956
433	46651385
434	46651887
435	46652277
436	46652716
437	46653179
438	46653610
439	46654101
440	46654557
441	46655006
442	46655418
443	46655846
444	46656284
445	46656683
446	46657095
447	46657544
448	46658061
449	46658447
450	46658865
451	46659530
452	46660026
453	46660508
454	46660935
455	46661560
456	46661960
457	46662692
458	46663116
459	46663759
460	46664148
461	46664517
462	46664942
463	46665320
464	46665698
465	46666355
466	46666765
467	46667149
468	46667571
469	46667983
470	46668366
471	46668780
472	46669167
473	46669588
474	46669990
475	46670407
476	46670841
477	46671312
478	46671755
479	46672396
480	46672988
481	46673396
482	46673787
483	46674259
484	46674699
485	46675151
486	46675558
487	46675973
488	46676427
489	46676874
490	46677340
491	46677763
492	46678106
493	46678577
494	46679218
495	46679647
496	46680078
497	46680724
498	46681365
499	46681788
500	46682208
501	46682641
502	46683072
503	46683741
504	46684137
505	46684769
506	46685150
507	46685574
508	46685963
509	46686441
510	46686843
511	46687259
512	46687698
513	46688135
514	46688532
515	46688977
516	46689417
517	46689817
518	46690237
519	46690696
520	46691332
521	46691783
522	46692203
523	46692633
524	46693070
525	46693699
526	46694493
527	46695132
528	46695548
529	46696040
530	46696468
531	46696903
532	46697333
533	46697951
534	46698346
535	46698997
536	46699457
537	46699866
538	46700297
539	46700937
540	46701380
541	46701806
542	46702218
543	46702650
544	46703024
545	46703485
546	46703892
547	46704302
548	46704719
549	46705719
550	46706116
551	46706552
552	46707004
553	46707602
554	46707993
555	46709185
556	46709634
557	46710027
558	46710448
559	46711088
560	46711531
561	46711982
562	46712417
563	46712817
564	46713208
565	46713631
566	46714222
567	46714682
568	46715137
569	46715533
570	46716006
571	46716438
572	46717085
573	46717457
574	46717873
575	46718288
576	46718695
577	46719061
578	46719464
579	46719895
580	46720311
581	46720694
582	46721096
583	46721688
584	46722115
585	46722519
586	46722943
587	46723314
588	46723712
589	46724070
590	46724470
591	46725087
592	46725470
593	46725952
594	46726396
595	46726946
596	46727355
597	46727908
598	46728333
599	46728827
600	46729264
601	46729699
602	46730130
603	46730528
604	46730943
605	46731434
606	46732031
607	46732443
608	46732884
609	46733340
610	46733782
611	46734250
612	46734702
613	46735144
614	46735612
615	46736131
616	46736537
617	46737210
618	46737677
619	46738130
620	46739044
621	46739504
622	46739949
623	46740387
624	46740765
625	46741128
626	46741504
627	46741878
628	46742261
629	46742649
630	46743042
631	46743601
632	46743957
633	46744327
634	46744715
635	46745085
636	46745489
637	46746076
638	46746486
639	46747692
640	46748133
641	46748529
642	46748947
643	46749341
644	46749697
645	46750068
646	46750402
647	46750799
648	46751142
649	46752329
650	46753315
651	46753945
652	46754364
653	46754768
654	46755129
655	46755506
656	46756273
657	46756642
658	46757067
659	46757459
660	46757847
661	46758281
662	46758689
663	46759102
664	46759461
665	46760372
666	46760945
667	46761317
668	46761859
669	46762467
670	46762873
671	46763285
672	46764067
673	46764430
674	46764825
675	46765201
676	46765585
677	46765971
678	46766346
679	46766773
680	46767139
681	46767735
682	46768133
683	46768556
684	46768926
685	46769334
686	46769717
687	46770125
688	46770508
689	46770871
690	46771206
691	46771616
692	46771970
693	46772327
694	46772766
695	46773122
696	46774076
697	46774460
698	46774879
699	46776020
700	46776389
701	46776805
702	46777184
703	46777533
704	46777919
705	46778312
706	46778901
707	46779239
708	46779618
709	46780050
710	46780496
711	46780883
712	46781332
713	46781740
714	46782144
715	46782611
716	46783025
717	46783467
718	46784042
719	46784698
720	46785335
721	46785760
722	46786178
723	46786768
724	46787356
725	46787774
726	46788348
727	46788757
728	46789162
729	46789767
730	46790194
731	46790603
732	46790955
733	46791354
734	46792100
735	46792502
736	46792842
737	46793631
738	46794015
739	46794407
740	46794781
741	46795438
742	46796040
743	46796440
744	46796866
745	46797272
746	46797731
747	46798105
748	46798522
749	46798912
750	46799299
751	46799736
752	46800121
753	46800504
754	46800901
755	46801284
756	46801660
757	46802056
758	46802423
759	46802807
760	46803208
761	46803600
762	46803995
763	46804388
764	46804746
765	46805133
766	46805486
767	46806168
768	46806562
769	46806942
770	46807372
771	46807949
772	46808312
773	46808708
774	46809094
775	46809470
776	46809865
777	46810271
778	46810853
779	46811242
780	46811602
781	46812170
782	46812518
783	46813336
784	46813706
785	46814074
786	46814515
787	46814890
788	46815442
789	46815806
790	46816205
791	46816908
792	46817513
793	46817877
794	46818261
795	46818795
796	46819177
797	46819584
798	46819960
799	46820475
800	46821276
801	46821739
802	46822118
803	46822467
804	46822852
805	46823801
806	46824557
807	46825327
808	46825710
809	46826266
810	46826654
811	46828153
812	46828548
813	46828917
814	46829261
815	46830002
816	46830361
817	46830803
818	46831185
819	46831588
820	46832325
821	46832736
822	46833133
823	46833490
824	46833859
825	46834227
826	46834606
827	46835985
828	46836427
829	46836815
830	46837215
831	46837579
832	46838360
833	46838741
834	46839082
835	46839523
836	46841843
837	46842213
838	46842602
839	46842980
840	46843365
841	46843964
842	46844272
843	46844640
844	46845033
845	46845385
846	46845783
847	46846174
848	46846585
849	46846955
850	46847308
851	46847645
852	46847982
853	46848334
854	46848715
855	46849272
856	46849789
857	46850550
858	46851005
859	46851367
860	46851719
861	46852076
862	46852820
863	46853184
864	46853557
865	46853885
866	46854996
867	46855529
868	46855864
869	46856237
870	46856623
871	46858091
872	46858494
873	46858842
874	46859241
875	46859704
876	46860065
877	46860622
878	46861038
879	46861416
880	46861782
881	46862222
882	46862644
883	46863123
884	46864022
885	46864481
886	46864971
887	46865400
888	46865902
889	46866328
890	46866782
891	46867231
892	46867705
893	46868161
894	46868606
895	46869253
896	46869699
897	46870140
898	46870885
899	46871326
900	46871782
901	46872688
902	46873159
903	46873859
904	46874292
905	46874756
906	46875215
907	46875986
908	46876455
909	46876881
910	46877317
911	46877979
912	46878376
913	46878844
914	46879238
915	46879678
916	46880116
917	46880527
918	46880961
919	46881391
920	46881835
921	46882276
922	46882741
923	46883199
924	46883625
925	46884046
926	46884527
927	46884986
928	46885460
929	46885895
930	46886318
931	46886874
932	46887596
933	46888060
934	46888514
935	46888983
936	46889448
937	46889881
938	46890770
939	46891236
940	46891760
941	46892237
942	46892725
943	46893166
944	46893581
945	46894072
946	46894487
947	46894925
948	46895556
949	46896010
950	46896419
951	46896855
952	46897284
953	46897689
954	46898086
955	46898924
956	46899350
957	46899755
958	46900187
959	46900618
960	46901111
961	46902260
962	46902967
963	46903641
964	46904089
965	46904807
966	46905296
967	46906526
968	46907687
969	46908099
970	46908555
971	46909020
972	46909646
973	46910094
974	46910536
975	46910995
976	46911675
977	46912152
978	46912623
979	46913243
980	46913698
981	46914134
982	46914603
983	46915092
984	46915550
985	46916006
986	46916419
987	46916896
988	46917539
989	46917973
990	46918381
991	46918862
992	46919299
993	46919746
994	46920192
995	46920636
996	46921084
997	46921513
998	46921954
999	46922403
1000	46922898
1001	46923583
1002	46924030
1003	46924448
1004	46924887
1005	46926709
1006	46927172
1007	46927596
1008	46927991
1009	46928453
1010	46928822
1011	46929223
1012	46929659
1013	46930085
1014	46930518
1015	46930890
1016	46931312
1017	46931693
1018	46932089
1019	46933271
1020	46933693
1021	46934307
1022	46934935
1023	46935411
1024	46935816
1025	46936226
1026	46936620
1027	46937036
1028	46937440
1029	46937828
1030	46938212
1031	46938600
1032	46939015
1033	46939407
1034	46939811
1035	46940270
1036	46940691
1037	46941091
1038	46941473
1039	46941902
1040	46942282
1041	46942735
1042	46943134
1043	46943590
1044	46944229
1045	46944814
1046	46945446
1047	46945856
1048	46946277
1049	46946636
1050	46947575
1051	46948717
1052	46949088
1053	46949524
1054	46949911
1055	46950291
1056	46950696
1057	46951343
1058	46951756
1059	46952210
1060	46952621
1061	46952981
1062	46953397
1063	46953755
1064	46954174
1065	46954550
1066	46955029
1067	46955453
1068	46955910
1069	46956326
1070	46956744
1071	46957115
1072	46957513
1073	46957959
1074	46958414
1075	46958828
1076	46959241
1077	46959677
1078	46960124
1079	46960504
1080	46960962
1081	46961411
1082	46961823
1083	46962452
1084	46962836
1085	46963482
1086	46963909
1087	46964298
1088	46964700
1089	46965100
1090	46965517
1091	46966029
1092	46966476
1093	46966896
1094	46967723
1095	46968119
1096	46968533
1097	46968973
1098	46970680
1099	46971060
1100	46971427
1101	46971795
1102	46972154
1103	46972578
1104	46973201
1105	46973607
1106	46974045
1107	46974446
1108	46974826
1109	46975176
1110	46975587
1111	46976008
1112	46976411
1113	46976858
1114	46977613
1115	46977985
1116	46978343
1117	46978719
1118	46979230
1119	46979763
1120	46980257
1121	46980626
1122	46980964
1123	46981345
1124	46981715
1125	46982077
1126	46982428
1127	46982794
1128	46983563
1129	46983891
1130	46984259
1131	46984597
1132	46984944
1133	46985291
1134	46985609
1135	46985967
1136	46986326
1137	46986722
1138	46987131
1139	46987505
1140	46987880
1141	46988228
1142	46988874
1143	46989258
1144	46989580
1145	46989936
1146	46990523
1147	46991039
1148	46992006
1149	46992326
1150	46992638
1151	46993455
1152	46993787
1153	46994115
1154	46994473
1155	46994808
1156	46995125
1157	46995608
1158	46995956
1159	46996284
1160	46996662
1161	46996999
1162	46997320
1163	46997657
1164	46998004
1165	46998490
1166	46998829
1167	46999131
1168	46999910
1169	47000195
1170	47000523
1171	47000843
1172	47001273
1173	47001637
1174	47001956
1175	47002325
1176	47002661
1177	47002974
1178	47003361
1179	47003698
1180	47004059
1181	47004427
1182	47004795
1183	47005424
1184	47005852
1185	47006251
1186	47006623
1187	47006938
1188	47007465
1189	47007806
1190	47008156
1191	47008482
1192	47008791
1193	47009171
1194	47009526
1195	47009973
1196	47010480
1197	47011031
1198	47011379
1199	47011715
1200	47012066
1201	47012409
1202	47012951
1203	47013380
1204	47013763
1205	47014111
1206	47014463
1207	47014811
1208	47015165
1209	47015524
1210	47015922
1211	47016259
1212	47016597
1213	47017116
1214	47017505
1215	47017854
1216	47018215
1217	47018597
1218	47018945
1219	47019280
1220	47019795
1221	47020193
1222	47020550
1223	47020888
1224	47021266
1225	47021655
1226	47022052
1227	47022469
1228	47022994
1229	47023489
1230	47023843
1231	47024267
1232	47024695
1233	47025475
1234	47025856
1235	47026426
1236	47026795
1237	47027371
1238	47027741
1239	47028179
1240	47029114
1241	47029456
1242	47029817
1243	47030192
1244	47030566
1245	47030914
1246	47031282
1247	47031625
1248	47031989
1249	47032374
1250	47032737
1251	47033354
1252	47033745
1253	47034136
1254	47034670
1255	47035027
1256	47035432
1257	47035830
1258	47036858
1259	47037246
1260	47037608
1261	47038233
1262	47038809
1263	47039227
1264	47039678
1265	47040204
1266	47040619
1267	47041039
1268	47041465
1269	47042049
1270	47042929
1271	47043275
1272	47043666
1273	47044053
1274	47044549
1275	47044774
1276	47045205
1277	47045552
1278	47046078
1279	47046595
1280	47047125
1281	47047452
1282	47047755
1283	47048246
1284	47048610
1285	47049097
1286	47049599
1287	47049942
1288	47050276
1289	47050655
1290	47050978
1291	47051305
1292	47052962
1293	47053283
1294	47053594
1295	47053929
1296	47054261
1297	47054567
1298	47054895
1299	47055446
1300	47056192
1301	47056713
1302	47057077
1303	47057604
1304	47058502
1305	47059068
1306	47059411
1307	47059776
1308	47060133
1309	47060804
1310	47061128
1311	47061465
1312	47061786
1313	47062422
1314	47062948
1315	47063322
1316	47064084
1317	47064438
1318	47065164
1319	47065644
1320	47065964
1321	47066256
1322	47066561
1323	47066843
1324	47067205
1325	47067507
1326	47068116
1327	47068482
1328	47068980
1329	47069601
1330	47070043
1331	47070467
1332	47070822
1333	47071260
1334	47071658
1335	47072036
1336	47072442
1337	47072788
1338	47073191
1339	47073594
1340	47074061
1341	47074426
1342	47075201
1343	47075764
1344	47076182
1345	47076516
1346	47077011
1347	47077347
1348	47077747
1349	47078115
1350	47078487
1351	47078862
1352	47079577
1353	47079926
1354	47080288
1355	47080644
1356	47081138
1357	47081458
1358	47082694
1359	47083186
1360	47083515
1361	47083842
1362	47084179
1363	47084510
1364	47084824
1365	47085291
1366	47085670
1367	47086008
1368	47086297
1369	47086634
1370	47086919
1371	47087391
1372	47087714
1373	47088039
1374	47088376
1375	47088697
1376	47089059
1377	47089595
1378	47090244
1379	47090565
1380	47091192
1381	47091524
1382	47091873
1383	47092219
1384	47092584
1385	47092946
1386	47093270
1387	47093774
1388	47094096
1389	47094428
1390	47094761
1391	47095103
1392	47095442
1393	47095937
1394	47096309
1395	47096623
1396	47096946
1397	47097277
1398	47097610
1399	47097963
1400	47098287
1401	47098599
1402	47098895
1403	47099759
1404	47100102
1405	47100537
1406	47100925
1407	47101285
1408	47101617
1409	47102138
1410	47102461
1411	47102780
1412	47103116
1413	47103490
1414	47103861
1415	47104432
1416	47104772
1417	47105134
1418	47105465
1419	47105822
1420	47106316
1421	47106847
1422	47107192
1423	47107507
1424	47107854
1425	47108316
1426	47108656
1427	47108998
1428	47109331
1429	47109833
1430	47111072
1431	47111431
1432	47111970
1433	47112293
1434	47112588
1435	47113092
1436	47113434
1437	47113758
1438	47114148
1439	47114465
1440	47114777
1441	47115138
1442	47115464
1443	47115783
1444	47116098
1445	47116430
1446	47116772
1447	47117113
1448	47117452
1449	47117811
1450	47118339
1451	47118693
1452	47119039
1453	47119396
1454	47119997
1455	47120512
1456	47121046
1457	47121728
1458	47122091
1459	47122426
1460	47122758
1461	47123078
1462	47123615
1463	47124316
1464	47124668
1465	47124986
1466	47125523
1467	47126022
1468	47126390
1469	47126854
1470	47127259
1471	47127600
1472	47128141
1473	47128896
1474	47129267
1475	47129598
1476	47130011
1477	47130348
1478	47130768
1479	47131345
1480	47131710
1481	47132115
1482	47132483
1483	47132865
1484	47133243
1485	47133598
1486	47133975
1487	47134321
1488	47134849
1489	47135227
1490	47135634
1491	47136050
1492	47136371
1493	47136759
1494	47137589
1495	47137936
1496	47138324
1497	47138661
1498	47139038
1499	47139413
1500	47139807
1501	47140515
1502	47141257
1503	47141628
1504	47142498
1505	47142847
1506	47143209
1507	47143772
1508	47144157
1509	47144534
1510	47144903
1511	47145398
1512	47145723
1513	47146082
1514	47146430
1515	47146764
1516	47147282
1517	47147607
1518	47147951
1519	47148276
1520	47148604
1521	47148929
1522	47149436
1523	47149779
1524	47150133
1525	47150471
1526	47150770
1527	47151090
1528	47151409
1529	47151755
1530	47152478
1531	47152967
1532	47153462
1533	47153821
1534	47154147
1535	47154629
1536	47154970
1537	47155300
1538	47155657
1539	47156149
1540	47156616
1541	47156949
1542	47157296
1543	47157649
1544	47158005
1545	47158324
1546	47158678
1547	47159135
1548	47159488
1549	47159812
1550	47160311
1551	47160614
1552	47160948
1553	47161285
1554	47161627
1555	47161959
1556	47163303
1557	47163658
1558	47164014
1559	47164523
1560	47165182
1561	47165479
1562	47165831
1563	47166886
1564	47167587
1565	47167927
1566	47168294
1567	47168839
1568	47169604
1569	47169946
1570	47170298
1571	47170678
1572	47171042
1573	47171410
1574	47171784
1575	47172131
1576	47172476
1577	47172875
1578	47173199
1579	47173544
1580	47173888
1581	47174211
1582	47175076
1583	47175395
1584	47175695
1585	47175979
1586	47176291
1587	47176743
1588	47177087
1589	47177380
1590	47177695
1591	47178167
1592	47178517
1593	47178864
1594	47179324
1595	47179659
1596	47180000
1597	47180302
1598	47180916
1599	47181399
1600	47181776
1601	47182098
1602	47182421
1603	47182750
1604	47183093
1605	47183600
1606	47183921
1607	47184543
1608	47184861
1609	47185191
1610	47185824
1611	47186143
1612	47187326
1613	47187703
1614	47188020
1615	47188552
1616	47188990
1617	47189475
1618	47189803
1619	47190129
1620	47190579
1621	47190996
1622	47191350
1623	47191690
1624	47192052
1625	47192526
1626	47192809
1627	47193126
1628	47193404
1629	47193740
1630	47195015
1631	47195324
1632	47195635
1633	47195939
1634	47196244
1635	47196667
1636	47196952
1637	47197264
1638	47197546
1639	47197896
1640	47198510
1641	47198751
1642	47199049
1643	47199330
1644	47199639
1645	47199935
1646	47200230
1647	47200702
1648	47201115
1649	47201449
1650	47201869
1651	47202189
1652	47202495
1653	47202803
1654	47203111
1655	47203582
1656	47203877
1657	47204315
1658	47204613
1659	47205295
1660	47205740
1661	47206089
1662	47206377
1663	47206700
1664	47206987
1665	47207250
1666	47207560
1667	47207897
1668	47208200
1669	47208505
1670	47208787
1671	47209954
1672	47210422
1673	47210906
1674	47211193
1675	47211483
1676	47211812
1677	47212260
1678	47212616
1679	47212936
1680	47213246
1681	47213569
1682	47213908
1683	47214220
1684	47214590
1685	47214926
1686	47215253
1687	47215544
1688	47215968
1689	47216273
1690	47216611
1691	47216909
1692	47217191
1693	47217870
1694	47218138
1695	47218889
1696	47219211
1697	47219550
1698	47219913
1699	47220221
1700	47220555
1701	47220881
1702	47221216
1703	47221541
1704	47221851
1705	47222173
1706	47222559
1707	47222909
1708	47223268
1709	47223675
1710	47224031
1711	47224420
1712	47224778
1713	47226112
1714	47226467
1715	47226818
1716	47227214
1717	47227528
1718	47227865
1719	47228444
1720	47228790
1721	47229486
1722	47229783
1723	47230128
1724	47230466
1725	47230814
1726	47231314
1727	47231652
1728	47231987
1729	47232557
1730	47232854
1731	47233353
1732	47233673
1733	47233997
1734	47234524
1735	47234870
1736	47235263
1737	47235592
1738	47236368
1739	47236666
1740	47236980
1741	47237482
1742	47237827
1743	47238163
1744	47238646
1745	47239004
1746	47239378
1747	47239730
1748	47240124
1749	47240490
1750	47240866
1751	47241204
1752	47241616
1753	47241953
1754	47242329
1755	47242683
1756	47243054
1757	47243466
1758	47243996
1759	47244705
1760	47245035
1761	47245568
1762	47246134
1763	47246569
1764	47246946
1765	47247848
1766	47248219
1767	47248799
1768	47249203
1769	47249549
1770	47249920
1771	47250336
1772	47250869
1773	47251210
1774	47251719
1775	47252097
1776	47252451
1777	47252810
1778	47253187
1779	47253533
1780	47253886
1781	47254243
1782	47254573
1783	47254943
1784	47255279
1785	47255649
1786	47256195
1787	47256600
1788	47256922
1789	47257449
1790	47257811
1791	47258156
1792	47258491
1793	47259152
1794	47259477
1795	47259674
1796	47260149
1797	47260471
1798	47260815
1799	47261151
1800	47261477
1801	47261994
1802	47262546
1803	47262938
1804	47263311
1805	47263637
1806	47264180
1807	47264553
1808	47265100
1809	47265647
1810	47266045
1811	47266415
1812	47266752
1813	47267093
1814	47267434
1815	47267777
1816	47268158
1817	47268526
1818	47268904
1819	47269660
1820	47270032
1821	47270420
1822	47270756
1823	47271140
1824	47271494
1825	47271808
1826	47272168
1827	47272731
1828	47273256
1829	47273601
1830	47273925
1831	47274428
1832	47274784
1833	47275106
1834	47275492
1835	47275814
1836	47276145
1837	47276489
1838	47277043
1839	47277438
1840	47277779
1841	47278124
1842	47278969
1843	47279322
1844	47279701
1845	47280052
1846	47280393
1847	47280732
1848	47281101
1849	47281501
1850	47282042
1851	47282420
1852	47282776
1853	47283139
1854	47283475
1855	47283856
1856	47284186
1857	47284745
1858	47285118
1859	47286013
1860	47286381
1861	47286741
1862	47287106
1863	47287653
1864	47288021
1865	47288372
1866	47288692
1867	47289011
1868	47289330
1869	47289693
1870	47290015
1871	47290525
1872	47291376
1873	47291732
1874	47292061
1875	47292431
1876	47292818
1877	47293629
1878	47293934
1879	47294302
1880	47294627
1881	47294952
1882	47295286
1883	47295610
1884	47295928
1885	47296239
1886	47296548
1887	47296981
1888	47297331
1889	47297679
1890	47298015
1891	47298331
1892	47299781
1893	47300059
1894	47300638
1895	47300935
1896	47301254
1897	47301599
1898	47302400
1899	47302723
1900	47303203
1901	47303524
1902	47304158
1903	47304467
1904	47304797
1905	47305189
1906	47305499
1907	47305789
1908	47307017
1909	47307369
1910	47307825
1911	47308128
1912	47308454
1913	47308777
1914	47309281
1915	47309631
1916	47309927
1917	47310294
1918	47310612
1919	47310943
1920	47311439
1921	47311760
1922	47312067
1923	47312391
1924	47312697
1925	47313333
1926	47313629
1927	47313954
1928	47314255
1929	47314590
1930	47314912
1931	47315235
1932	47315574
1933	47315911
1934	47316221
1935	47316515
1936	47316853
1937	47317502
1938	47317820
1939	47318121
1940	47318417
1941	47318720
1942	47319225
1943	47319548
1944	47319868
1945	47320494
1946	47320823
1947	47321125
1948	47321465
1949	47321800
1950	47322121
1951	47322450
1952	47322815
1953	47323138
1954	47323470
1955	47323819
1956	47324432
1957	47324730
1958	47325060
1959	47325520
1960	47325891
1961	47326203
1962	47326491
1963	47326789
1964	47327110
1965	47327412
1966	47327723
1967	47328068
1968	47328358
1969	47328679
1970	47328980
1971	47329301
1972	47329629
1973	47329939
1974	47330599
1975	47330918
1976	47331676
1977	47332137
1978	47332500
1979	47332830
1980	47333159
1981	47333477
1982	47333765
1983	47334102
1984	47334432
1985	47335218
1986	47335669
1987	47335998
1988	47336343
1989	47336686
1990	47336996
1991	47337329
1992	47338057
1993	47338391
1994	47338748
1995	47339105
1996	47339415
1997	47339715
1998	47340022
1999	47340304
